1 76 11 14 9 8
1 38 8 7 9 4
1 19 0 4 3 0
0 11 5 3 3 3
0 11 3 5 3 3
0 6 2 4 0 5
1 10 3 6 1 3
1 19 2 6 7 4
1 24 4 3 1 3
1 31 22 17 19 16
1 14 5 4 7 4
0 8 4 4 1 4
0 66 7 18 9 21
1 11 2 4 0 4
0 27 5 2 8 7
1 67 3 7 7 7
1 41 4 18 2 5
0 12 6 4 0 2
1 7 2 1 1 0
0 52 40 20 23 12
1 22 0 2 4 0
1 13 5 4 0 3
0 23 5 6 6 5
0 10 14 13 6 0
1 46 11 14 25 15
1 36 10 5 3 8
0 52 26 12 6 22
1 38 19 7 6 7
0 33 12 6 8 4
1 7 1 1 2 3
0 18 4 4 6 2
0 42 7 9 12 14
1 36 6 10 8 8
1 11 2 1 0 0
0 87 16 24 10 9
0 50 11 0 0 5
1 22 4 3 2 4
1 41 8 6 5 7
0 18 0 0 3 3
1 32 1 3 1 5
0 111 37 29 28 29
1 56 18 11 28 13
0 18 3 5 2 5
0 20 3 0 6 7
1 24 6 3 4 0
0 12 3 4 3 4
0 9 3 4 3 4
1 16 3 5 4 3
0 17 2 3 3 5
1 22 1 23 19 8
0 28 8 12 2 8
0 55 18 24 76 25
1 25 2 3 0 1
0 9 2 1 2 1
1 13 0 0 0 0
0 10 3 1 4 2
1 12 1 4 3 2
0 47 13 15 13 12
